0,	0,	30,	0,	0
300,	0,	30,	300,	0
300,	300,	30,	600,	0
0,	300,	30,	900,	0
0,	1.154,	30,	1198.846,	2
6.892,	9.415,	30,	1198.846,	0
9.369,	6.892,	30,	1202.382,	2
21.877,	6.892,	30,	1202.382,	0
16.892,	11.554,	30,	1209.207,	0
6.892,	22.123,	30,	1223.757,	2
6.892,	35.615,	30,	1223.757,	0
14.908,	26.031,	30,	1236.251,	0
20.846,	19.769,	30,	1244.881,	0
27.077,	13.8,	30,	1253.51,	0
35.123,	6.892,	30,	1264.114,	2
49.277,	6.892,	30,	1264.114,	0
42.169,	12.246,	30,	1273.013,	0
35.538,	17.785,	30,	1281.652,	0
29.2,	23.646,	30,	1290.285,	0
23.169,	29.815,	30,	1298.913,	0
17.431,	36.262,	30,	1307.543,	0
12.031,	43,	30,	1316.178,	0
6.892,	50.108,	30,	1324.949,	2
6.892,	66.415,	30,	1324.949,	0
13.6,	55.585,	30,	1337.689,	0
18.631,	48.569,	30,	1346.321,	0
24.031,	41.831,	30,	1354.956,	0
29.769,	35.385,	30,	1363.587,	0
35.831,	29.246,	30,	1372.214,	0
42.2,	23.431,	30,	1380.838,	0
48.877,	17.954,	30,	1389.474,	0
55.815,	12.831,	30,	1398.099,	0
65.015,	6.892,	30,	1409.049,	2
83.077,	6.892,	30,	1409.049,	0
75.231,	10.908,	30,	1417.863,	0
67.785,	15.262,	30,	1426.489,	0
60.585,	20.015,	30,	1435.117,	0
53.662,	25.169,	30,	1443.747,	0
47.015,	30.677,	30,	1452.379,	0
40.692,	36.554,	30,	1461.012,	0
34.692,	42.769,	30,	1469.651,	0
29.046,	49.292,	30,	1478.278,	0
23.769,	56.123,	30,	1486.909,	0
18.877,	63.231,	30,	1495.538,	0
14.385,	70.585,	30,	1504.156,	0
10.292,	78.185,	30,	1512.787,	0
6.892,	85.431,	30,	1520.791,	2
6.892,	111.754,	30,	1520.791,	0
8.938,	104.477,	30,	1528.351,	0
11.754,	96.323,	30,	1536.977,	0
15.031,	88.338,	30,	1545.608,	0
18.769,	80.554,	30,	1554.243,	0
22.954,	73.015,	30,	1562.865,	0
27.569,	65.723,	30,	1571.496,	0
32.615,	58.708,	30,	1580.137,	0
38.046,	52,	30,	1588.768,	0
43.862,	45.615,	30,	1597.404,	0
50.031,	39.585,	30,	1606.031,	0
56.538,	33.923,	30,	1614.657,	0
63.369,	28.646,	30,	1623.289,	0
70.492,	23.769,	30,	1631.921,	0
77.877,	19.308,	30,	1640.549,	0
85.523,	15.292,	30,	1649.185,	0
93.369,	11.723,	30,	1657.805,	0
101.431,	8.6,	30,	1666.451,	0
106.754,	6.892,	30,	1672.041,	2
196.108,	6.892,	30,	1672.041,	0
202.954,	9.169,	30,	1679.256,	0
210.969,	12.369,	30,	1687.886,	0
218.8,	16.015,	30,	1696.524,	0
226.4,	20.108,	30,	1705.156,	0
233.754,	24.631,	30,	1713.789,	0
240.831,	29.569,	30,	1722.419,	0
247.615,	34.892,	30,	1731.043,	0
254.092,	40.6,	30,	1739.676,	0
260.231,	46.677,	30,	1748.313,	0
266,	53.092,	30,	1756.941,	0
271.415,	59.815,	30,	1765.574,	0
276.415,	66.846,	30,	1774.202,	0
281.015,	74.138,	30,	1782.823,	0
285.2,	81.692,	30,	1791.459,	0
288.938,	89.477,	30,	1800.095,	0
293.108,	99.969,	30,	1811.385,	2
293.108,	78.338,	30,	1811.385,	0
286.938,	67.246,	30,	1824.078,	0
282.215,	60.031,	30,	1832.701,	0
277.108,	53.062,	30,	1841.342,	0
271.631,	46.4,	30,	1849.966,	0
265.815,	40.031,	30,	1858.59,	0
259.646,	33.985,	30,	1867.229,	0
253.169,	28.277,	30,	1875.861,	0
246.385,	22.938,	30,	1884.495,	0
239.323,	17.969,	30,	1893.129,	0
232.015,	13.4,	30,	1901.748,	0
219.646,	6.892,	30,	1915.725,	2
237.862,	6.892,	30,	1915.725,	0
249.969,	14.862,	30,	1930.22,	0
256.815,	20.123,	30,	1938.854,	0
263.385,	25.723,	30,	1947.486,	0
269.662,	31.646,	30,	1956.117,	0
275.631,	37.892,	30,	1964.756,	0
281.262,	44.431,	30,	1973.385,	0
286.554,	51.246,	30,	1982.014,	0
293.108,	60.938,	30,	1993.714,	2
293.108,	45.662,	30,	1993.714,	0
283.723,	34,	30,	2008.683,	0
277.862,	27.662,	30,	2017.316,	0
271.692,	21.615,	30,	2025.954,	0
265.246,	15.892,	30,	2034.574,	0
253.6,	6.892,	30,	2049.293,	2
267.831,	6.892,	30,	2049.293,	0
278.2,	15.877,	30,	2063.013,	0
284.338,	21.938,	30,	2071.64,	0
293.108,	31.754,	30,	2084.802,	2
293.108,	18.708,	30,	2084.802,	0
289.108,	14.477,	30,	2090.624,	0
281.123,	6.892,	30,	2101.637,	2
293.108,	141.692,	30,	2101.637,	0
292.662,	135.892,	30,	2107.454,	0
291.462,	127.338,	30,	2116.092,	0
289.769,	118.877,	30,	2124.721,	0
287.554,	110.538,	30,	2133.349,	0
284.846,	102.338,	30,	2141.984,	0
281.646,	94.323,	30,	2150.615,	0
277.969,	86.523,	30,	2159.238,	0
273.831,	78.938,	30,	2167.878,	0
269.246,	71.631,	30,	2176.505,	0
264.215,	64.615,	30,	2185.138,	0
258.785,	57.923,	30,	2193.756,	0
252.938,	51.554,	30,	2202.402,	0
246.738,	45.569,	30,	2211.019,	0
240.169,	39.954,	30,	2219.661,	0
233.292,	34.754,	30,	2228.283,	0
226.092,	29.985,	30,	2236.919,	0
218.631,	25.662,	30,	2245.542,	0
210.908,	21.8,	30,	2254.177,	0
202.969,	18.4,	30,	2262.813,	0
194.846,	15.508,	30,	2271.436,	0
186.554,	13.108,	30,	2280.068,	0
178.123,	11.215,	30,	2288.709,	0
169.615,	9.846,	30,	2297.326,	0
161.015,	9,	30,	2305.968,	0
152.4,	8.662,	30,	2314.59,	0
143.769,	8.877,	30,	2323.223,	0
135.169,	9.6,	30,	2331.853,	0
126.631,	10.846,	30,	2340.482,	0
118.185,	12.615,	30,	2349.112,	0
109.862,	14.908,	30,	2357.745,	0
101.692,	17.692,	30,	2366.376,	0
93.708,	20.985,	30,	2375.012,	0
85.938,	24.754,	30,	2383.648,	0
78.431,	28.985,	30,	2392.265,	0
71.185,	33.677,	30,	2400.898,	0
64.231,	38.8,	30,	2409.535,	0
57.615,	44.354,	30,	2418.173,	0
51.354,	50.292,	30,	2426.803,	0
45.477,	56.6,	30,	2435.424,	0
39.985,	63.262,	30,	2444.058,	0
34.923,	70.262,	30,	2452.696,	0
30.308,	77.538,	30,	2461.313,	0
26.138,	85.108,	30,	2469.954,	0
22.446,	92.908,	30,	2478.584,	0
19.246,	100.923,	30,	2487.215,	0
16.538,	109.108,	30,	2495.836,	0
14.354,	117.462,	30,	2504.47,	0
12.677,	125.938,	30,	2513.112,	0
11.538,	134.492,	30,	2521.741,	0
10.938,	143.092,	30,	2530.362,	0
10.862,	151.723,	30,	2538.993,	0
11.323,	160.338,	30,	2547.621,	0
12.308,	168.923,	30,	2556.262,	0
13.831,	177.415,	30,	2564.889,	0
15.877,	185.8,	30,	2573.52,	0
18.446,	194.031,	30,	2582.142,	0
21.523,	202.108,	30,	2590.786,	0
25.092,	209.954,	30,	2599.405,	0
29.138,	217.585,	30,	2608.043,	0
33.662,	224.938,	30,	2616.676,	0
38.631,	232,	30,	2625.311,	0
44.031,	238.723,	30,	2633.934,	0
49.831,	245.108,	30,	2642.56,	0
56.031,	251.123,	30,	2651.198,	0
62.585,	256.723,	30,	2659.819,	0
69.492,	261.923,	30,	2668.465,	0
76.692,	266.662,	30,	2677.084,	0
84.185,	270.954,	30,	2685.719,	0
91.923,	274.754,	30,	2694.34,	0
99.892,	278.077,	30,	2702.975,	0
108.062,	280.877,	30,	2711.61,	0
116.385,	283.169,	30,	2720.243,	0
124.831,	284.938,	30,	2728.873,	0
133.369,	286.169,	30,	2737.499,	0
141.969,	286.862,	30,	2746.127,	0
150.6,	287,	30,	2754.759,	0
159.231,	286.615,	30,	2763.398,	0
167.8,	285.677,	30,	2772.019,	0
176.308,	284.2,	30,	2780.654,	0
184.708,	282.185,	30,	2789.292,	0
192.954,	279.646,	30,	2797.92,	0
201.031,	276.585,	30,	2806.558,	0
208.892,	273.031,	30,	2815.185,	0
216.508,	268.985,	30,	2823.809,	0
223.862,	264.462,	30,	2832.442,	0
230.908,	259.492,	30,	2841.065,	0
237.631,	254.077,	30,	2849.698,	0
244,	248.246,	30,	2858.333,	0
249.985,	242.015,	30,	2866.972,	0
255.554,	235.431,	30,	2875.596,	0
260.692,	228.492,	30,	2884.23,	0
265.385,	221.262,	30,	2892.85,	0
269.615,	213.723,	30,	2901.494,	0
273.338,	205.954,	30,	2910.11,	0
276.585,	197.938,	30,	2918.757,	0
279.292,	189.754,	30,	2927.378,	0
281.477,	181.4,	30,	2936.013,	0
283.123,	172.923,	30,	2944.648,	0
284.231,	164.369,	30,	2953.274,	0
284.785,	155.754,	30,	2961.907,	0
284.8,	147.123,	30,	2970.537,	0
284.246,	138.508,	30,	2979.171,	0
283.154,	129.954,	30,	2987.794,	0
281.508,	121.477,	30,	2996.429,	0
279.323,	113.123,	30,	3005.064,	0
276.6,	104.938,	30,	3013.69,	0
273.369,	96.938,	30,	3022.317,	0
269.631,	89.154,	30,	3030.953,	0
265.385,	81.646,	30,	3039.578,	0
260.677,	74.4,	30,	3048.22,	0
255.523,	67.492,	30,	3056.838,	0
249.923,	60.923,	30,	3065.47,	0
243.908,	54.738,	30,	3074.098,	0
237.508,	48.938,	30,	3082.735,	0
230.738,	43.569,	30,	3091.375,	0
223.662,	38.662,	30,	3099.987,	0
216.262,	34.2,	30,	3108.628,	0
208.6,	30.246,	30,	3117.25,	0
200.692,	26.785,	30,	3125.882,	0
192.569,	23.846,	30,	3134.52,	0
184.277,	21.431,	30,	3143.157,	0
175.862,	19.569,	30,	3151.776,	0
167.323,	18.262,	30,	3160.414,	0
158.723,	17.492,	30,	3169.048,	0
150.092,	17.308,	30,	3177.681,	0
141.477,	17.662,	30,	3186.304,	0
132.892,	18.585,	30,	3194.938,	0
124.385,	20.062,	30,	3203.573,	0
116,	22.108,	30,	3212.203,	0
107.769,	24.677,	30,	3220.826,	0
99.708,	27.785,	30,	3229.465,	0
91.877,	31.4,	30,	3238.091,	0
84.308,	35.538,	30,	3246.717,	0
77,	40.154,	30,	3255.36,	0
70.031,	45.231,	30,	3263.983,	0
63.4,	50.754,	30,	3272.612,	0
57.154,	56.708,	30,	3281.242,	0
51.308,	63.062,	30,	3289.876,	0
45.877,	69.769,	30,	3298.506,	0
40.923,	76.831,	30,	3307.132,	0
36.431,	84.2,	30,	3315.763,	0
32.431,	91.846,	30,	3324.392,	0
28.938,	99.738,	30,	3333.022,	0
25.985,	107.846,	30,	3341.652,	0
23.554,	116.138,	30,	3350.293,	0
21.692,	124.554,	30,	3358.912,	0
20.385,	133.092,	30,	3367.55,	0
19.631,	141.692,	30,	3376.183,	0
19.462,	150.323,	30,	3384.815,	0
19.862,	158.938,	30,	3393.44,	0
20.831,	167.523,	30,	3402.079,	0
22.354,	176.015,	30,	3410.707,	0
24.446,	184.385,	30,	3419.333,	0
27.092,	192.6,	30,	3427.964,	0
30.277,	200.631,	30,	3436.604,	0
33.985,	208.415,	30,	3445.226,	0
38.2,	215.954,	30,	3453.863,	0
42.892,	223.185,	30,	3462.483,	0
48.077,	230.092,	30,	3471.12,	0
53.708,	236.631,	30,	3479.749,	0
59.754,	242.785,	30,	3488.376,	0
66.2,	248.538,	30,	3497.016,	0
73.015,	253.831,	30,	3505.645,	0
80.169,	258.662,	30,	3514.277,	0
87.615,	263,	30,	3522.895,	0
95.354,	266.831,	30,	3531.53,	0
103.323,	270.138,	30,	3540.158,	0
111.508,	272.908,	30,	3548.799,	0
119.846,	275.123,	30,	3557.427,	0
128.308,	276.769,	30,	3566.047,	0
136.877,	277.846,	30,	3574.683,	0
145.492,	278.354,	30,	3583.314,	0
154.123,	278.277,	30,	3591.945,	0
162.723,	277.615,	30,	3600.57,	0
171.277,	276.369,	30,	3609.214,	0
179.708,	274.569,	30,	3617.835,	0
188.015,	272.2,	30,	3626.474,	0
196.123,	269.262,	30,	3635.098,	0
204.031,	265.8,	30,	3643.73,	0
211.677,	261.8,	30,	3652.359,	0
219.046,	257.308,	30,	3660.99,	0
226.092,	252.308,	30,	3669.63,	0
232.769,	246.862,	30,	3678.246,	0
239.077,	240.969,	30,	3686.878,	0
244.969,	234.662,	30,	3695.509,	0
250.415,	227.969,	30,	3704.138,	0
255.4,	220.908,	30,	3712.781,	0
259.892,	213.538,	30,	3721.412,	0
263.877,	205.892,	30,	3730.034,	0
267.323,	197.985,	30,	3738.66,	0
270.231,	189.846,	30,	3747.302,	0
272.585,	181.538,	30,	3755.937,	0
274.354,	173.092,	30,	3764.566,	0
275.538,	164.554,	30,	3773.187,	0
276.154,	155.938,	30,	3781.824,	0
276.169,	147.308,	30,	3790.455,	0
275.6,	138.692,	30,	3799.089,	0
274.431,	130.138,	30,	3807.722,	0
272.692,	121.692,	30,	3816.346,	0
270.369,	113.385,	30,	3824.972,	0
267.492,	105.246,	30,	3833.604,	0
264.062,	97.323,	30,	3842.238,	0
260.077,	89.662,	30,	3850.874,	0
255.6,	82.292,	30,	3859.496,	0
250.615,	75.246,	30,	3868.127,	0
245.154,	68.554,	30,	3876.765,	0
239.246,	62.262,	30,	3885.396,	0
232.923,	56.385,	30,	3894.029,	0
226.215,	50.969,	30,	3902.65,	0
219.138,	46.015,	30,	3911.288,	0
211.738,	41.569,	30,	3919.921,	0
204.062,	37.646,	30,	3928.542,	0
196.123,	34.262,	30,	3937.172,	0
187.969,	31.431,	30,	3945.803,	0
179.631,	29.185,	30,	3954.439,	0
171.169,	27.508,	30,	3963.065,	0
162.6,	26.431,	30,	3971.702,	0
153.985,	25.954,	30,	3980.33,	0
145.354,	26.077,	30,	3988.962,	0
136.754,	26.785,	30,	3997.591,	0
128.231,	28.108,	30,	4006.216,	0
119.8,	30.015,	30,	4014.86,	0
111.538,	32.508,	30,	4023.49,	0
103.477,	35.554,	30,	4032.107,	0
95.631,	39.169,	30,	4040.746,	0
88.077,	43.323,	30,	4049.367,	0
80.815,	48,	30,	4058.004,	0
73.908,	53.169,	30,	4066.632,	0
67.369,	58.815,	30,	4075.271,	0
61.246,	64.892,	30,	4083.898,	0
55.569,	71.4,	30,	4092.534,	0
50.369,	78.277,	30,	4101.155,	0
45.646,	85.508,	30,	4109.792,	0
41.462,	93.062,	30,	4118.427,	0
37.8,	100.877,	30,	4127.058,	0
34.723,	108.938,	30,	4135.687,	0
32.2,	117.185,	30,	4144.31,	0
30.277,	125.6,	30,	4152.942,	0
28.954,	134.138,	30,	4161.583,	0
28.231,	142.738,	30,	4170.213,	0
28.108,	151.354,	30,	4178.829,	0
28.615,	159.985,	30,	4187.475,	0
29.723,	168.538,	30,	4196.1,	0
31.431,	177,	30,	4204.733,	0
33.738,	185.308,	30,	4213.355,	0
36.631,	193.446,	30,	4221.992,	0
40.092,	201.354,	30,	4230.624,	0
44.108,	208.985,	30,	4239.247,	0
48.662,	216.323,	30,	4247.883,	0
53.723,	223.323,	30,	4256.522,	0
59.262,	229.923,	30,	4265.138,	0
65.277,	236.123,	30,	4273.776,	0
71.708,	241.892,	30,	4282.416,	0
78.523,	247.169,	30,	4291.035,	0
85.708,	251.954,	30,	4299.667,	0
93.215,	256.2,	30,	4308.292,	0
101.015,	259.908,	30,	4316.929,	0
109.062,	263.046,	30,	4325.565,	0
117.308,	265.6,	30,	4334.198,	0
125.708,	267.554,	30,	4342.822,	0
134.231,	268.892,	30,	4351.45,	0
142.831,	269.615,	30,	4360.08,	0
151.462,	269.723,	30,	4368.711,	0
160.077,	269.215,	30,	4377.342,	0
168.631,	268.077,	30,	4385.971,	0
177.092,	266.323,	30,	4394.612,	0
185.385,	263.969,	30,	4403.232,	0
193.508,	261.015,	30,	4411.876,	0
201.385,	257.492,	30,	4420.505,	0
208.985,	253.4,	30,	4429.136,	0
216.262,	248.769,	30,	4437.762,	0
223.2,	243.631,	30,	4446.396,	0
229.723,	237.985,	30,	4455.023,	0
235.846,	231.892,	30,	4463.661,	0
241.492,	225.369,	30,	4472.288,	0
246.646,	218.462,	30,	4480.906,	0
251.292,	211.185,	30,	4489.54,	0
255.4,	203.585,	30,	4498.179,	0
258.938,	195.708,	30,	4506.814,	0
261.892,	187.6,	30,	4515.443,	0
264.246,	179.308,	30,	4524.063,	0
265.985,	170.846,	30,	4532.702,	0
267.092,	162.292,	30,	4541.327,	0
267.585,	153.677,	30,	4549.956,	0
267.431,	145.046,	30,	4558.588,	0
266.646,	136.446,	30,	4567.224,	0
265.246,	127.938,	30,	4575.846,	0
263.2,	119.538,	30,	4584.492,	0
260.569,	111.323,	30,	4593.118,	0
257.323,	103.323,	30,	4601.752,	0
253.492,	95.585,	30,	4610.386,	0
249.123,	88.154,	30,	4619.007,	0
244.2,	81.062,	30,	4627.64,	0
238.769,	74.354,	30,	4636.271,	0
232.862,	68.062,	30,	4644.902,	0
226.492,	62.231,	30,	4653.537,	0
219.723,	56.892,	30,	4662.158,	0
212.569,	52.062,	30,	4670.79,	0
205.077,	47.769,	30,	4679.425,	0
197.277,	44.062,	30,	4688.061,	0
189.231,	40.938,	30,	4696.692,	0
180.985,	38.415,	30,	4705.315,	0
172.569,	36.523,	30,	4713.941,	0
164.031,	35.246,	30,	4722.574,	0
155.415,	34.631,	30,	4731.212,	0
146.785,	34.646,	30,	4739.842,	0
138.185,	35.308,	30,	4748.468,	0
129.646,	36.615,	30,	4757.106,	0
121.246,	38.569,	30,	4765.73,	0
113,	41.123,	30,	4774.363,	0
104.969,	44.308,	30,	4783.002,	0
97.215,	48.077,	30,	4791.623,	0
89.754,	52.415,	30,	4800.254,	0
82.646,	57.308,	30,	4808.883,	0
75.923,	62.723,	30,	4817.516,	0
69.631,	68.631,	30,	4826.147,	0
63.8,	75,	30,	4834.782,	0
58.462,	81.785,	30,	4843.415,	0
53.662,	88.954,	30,	4852.043,	0
49.415,	96.462,	30,	4860.668,	0
45.738,	104.277,	30,	4869.305,	0
42.677,	112.338,	30,	4877.929,	0
40.231,	120.615,	30,	4886.559,	0
38.415,	129.062,	30,	4895.198,	0
37.246,	137.615,	30,	4903.832,	0
36.738,	146.231,	30,	4912.462,	0
36.877,	154.862,	30,	4921.094,	0
37.692,	163.446,	30,	4929.717,	0
39.138,	171.954,	30,	4938.347,	0
41.246,	180.323,	30,	4946.978,	0
43.985,	188.508,	30,	4955.608,	0
47.323,	196.462,	30,	4964.234,	0
51.277,	204.138,	30,	4972.87,	0
55.815,	211.492,	30,	4981.511,	0
60.892,	218.462,	30,	4990.133,	0
66.477,	225.031,	30,	4998.756,	0
72.569,	231.154,	30,	5007.393,	0
79.108,	236.785,	30,	5016.022,	0
86.062,	241.908,	30,	5024.659,	0
93.385,	246.462,	30,	5033.283,	0
101.046,	250.446,	30,	5041.919,	0
108.985,	253.831,	30,	5050.549,	0
117.169,	256.585,	30,	5059.184,	0
125.523,	258.708,	30,	5067.803,	0
134.031,	260.169,	30,	5076.436,	0
142.631,	260.969,	30,	5085.073,	0
151.262,	261.092,	30,	5093.705,	0
159.877,	260.554,	30,	5102.337,	0
168.415,	259.354,	30,	5110.959,	0
176.846,	257.477,	30,	5119.596,	0
185.108,	254.969,	30,	5128.23,	0
193.138,	251.815,	30,	5136.858,	0
200.892,	248.046,	30,	5145.479,	0
208.338,	243.677,	30,	5154.113,	0
215.415,	238.738,	30,	5162.742,	0
222.092,	233.262,	30,	5171.378,	0
228.323,	227.292,	30,	5180.007,	0
234.062,	220.831,	30,	5188.649,	0
239.277,	213.954,	30,	5197.28,	0
243.923,	206.692,	30,	5205.9,	0
248,	199.077,	30,	5214.538,	0
251.462,	191.169,	30,	5223.171,	0
254.277,	183.015,	30,	5231.797,	0
256.462,	174.662,	30,	5240.432,	0
257.969,	166.169,	30,	5249.057,	0
258.8,	157.585,	30,	5257.681,	0
258.938,	148.954,	30,	5266.313,	0
258.415,	140.338,	30,	5274.944,	0
257.2,	131.785,	30,	5283.584,	0
255.308,	123.369,	30,	5292.21,	0
252.754,	115.123,	30,	5300.842,	0
249.554,	107.108,	30,	5309.473,	0
245.738,	99.369,	30,	5318.101,	0
241.308,	91.969,	30,	5326.726,	0
236.292,	84.938,	30,	5335.362,	0
230.738,	78.323,	30,	5344,	0
224.677,	72.185,	30,	5352.627,	0
218.154,	66.538,	30,	5361.254,	0
211.185,	61.446,	30,	5369.885,	0
203.831,	56.923,	30,	5378.519,	0
196.138,	53,	30,	5387.154,	0
188.169,	49.708,	30,	5395.776,	0
179.954,	47.077,	30,	5404.403,	0
171.538,	45.108,	30,	5413.045,	0
163.015,	43.815,	30,	5421.666,	0
154.4,	43.231,	30,	5430.301,	0
145.769,	43.338,	30,	5438.932,	0
137.169,	44.138,	30,	5447.57,	0
128.677,	45.631,	30,	5456.192,	0
120.323,	47.8,	30,	5464.823,	0
112.169,	50.646,	30,	5473.459,	0
104.277,	54.154,	30,	5482.096,	0
96.708,	58.277,	30,	5490.715,	0
89.492,	63,	30,	5499.339,	0
82.677,	68.308,	30,	5507.977,	0
76.323,	74.154,	30,	5516.612,	0
70.462,	80.492,	30,	5525.245,	0
65.138,	87.277,	30,	5533.868,	0
60.385,	94.492,	30,	5542.509,	0
56.246,	102.062,	30,	5551.136,	0
52.738,	109.938,	30,	5559.758,	0
49.892,	118.092,	30,	5568.395,	0
47.723,	126.446,	30,	5577.026,	0
46.246,	134.954,	30,	5585.661,	0
45.462,	143.538,	30,	5594.281,	0
45.4,	152.169,	30,	5602.912,	0
46.046,	160.785,	30,	5611.552,	0
47.415,	169.308,	30,	5620.184,	0
49.462,	177.692,	30,	5628.815,	0
52.2,	185.877,	30,	5637.445,	0
55.615,	193.8,	30,	5646.073,	0
59.677,	201.415,	30,	5654.704,	0
64.338,	208.677,	30,	5663.333,	0
69.6,	215.523,	30,	5671.967,	0
75.415,	221.892,	30,	5680.592,	0
81.738,	227.769,	30,	5689.224,	0
88.523,	233.108,	30,	5697.857,	0
95.738,	237.846,	30,	5706.49,	0
103.323,	241.969,	30,	5715.123,	0
111.215,	245.446,	30,	5723.747,	0
119.385,	248.246,	30,	5732.383,	0
127.754,	250.354,	30,	5741.013,	0
136.277,	251.754,	30,	5749.65,	0
144.877,	252.431,	30,	5758.277,	0
153.508,	252.385,	30,	5766.908,	0
162.108,	251.615,	30,	5775.542,	0
170.6,	250.108,	30,	5784.167,	0
178.938,	247.908,	30,	5792.791,	0
187.077,	245,	30,	5801.433,	0
194.923,	241.415,	30,	5810.06,	0
202.446,	237.185,	30,	5818.691,	0
209.585,	232.338,	30,	5827.319,	0
216.277,	226.892,	30,	5835.947,	0
222.492,	220.892,	30,	5844.586,	0
228.169,	214.4,	30,	5853.21,	0
233.277,	207.431,	30,	5861.851,	0
237.769,	200.062,	30,	5870.481,	0
241.615,	192.338,	30,	5879.109,	0
244.785,	184.323,	30,	5887.728,	0
247.262,	176.046,	30,	5896.368,	0
249.015,	167.6,	30,	5904.994,	0
250.046,	159.031,	30,	5913.625,	0
250.338,	150.4,	30,	5922.261,	0
249.877,	141.785,	30,	5930.889,	0
248.692,	133.231,	30,	5939.524,	0
246.754,	124.831,	30,	5948.145,	0
244.123,	116.615,	30,	5956.771,	0
240.769,	108.646,	30,	5965.417,	0
236.754,	101.015,	30,	5974.04,	0
232.092,	93.754,	30,	5982.669,	0
226.815,	86.923,	30,	5991.301,	0
220.954,	80.585,	30,	5999.934,	0
214.585,	74.769,	30,	6008.559,	0
207.723,	69.523,	30,	6017.196,	0
200.431,	64.908,	30,	6025.826,	0
192.769,	60.938,	30,	6034.455,	0
184.785,	57.662,	30,	6043.086,	0
176.538,	55.092,	30,	6051.723,	0
168.108,	53.246,	30,	6060.354,	0
159.554,	52.154,	30,	6068.977,	0
150.923,	51.815,	30,	6077.614,	0
142.308,	52.231,	30,	6086.24,	0
133.754,	53.415,	30,	6094.875,	0
125.338,	55.338,	30,	6103.507,	0
117.123,	58,	30,	6112.143,	0
109.185,	61.369,	30,	6120.767,	0
101.569,	65.431,	30,	6129.398,	0
94.338,	70.138,	30,	6138.026,	0
87.554,	75.492,	30,	6146.669,	0
81.277,	81.4,	30,	6155.288,	0
75.554,	87.862,	30,	6163.92,	0
70.415,	94.8,	30,	6172.554,	0
65.923,	102.169,	30,	6181.185,	0
62.108,	109.908,	30,	6189.813,	0
59,	117.954,	30,	6198.438,	0
56.615,	126.262,	30,	6207.081,	0
54.985,	134.723,	30,	6215.698,	0
54.123,	143.323,	30,	6224.341,	0
54.031,	151.954,	30,	6232.973,	0
54.723,	160.554,	30,	6241.601,	0
56.169,	169.062,	30,	6250.23,	0
58.385,	177.4,	30,	6258.858,	0
61.354,	185.508,	30,	6267.492,	0
65.031,	193.308,	30,	6276.116,	0
69.4,	200.754,	30,	6284.749,	0
74.431,	207.769,	30,	6293.382,	0
80.077,	214.308,	30,	6302.021,	0
86.292,	220.292,	30,	6310.649,	0
93.015,	225.692,	30,	6319.272,	0
100.215,	230.462,	30,	6327.908,	0
107.815,	234.554,	30,	6336.54,	0
115.754,	237.938,	30,	6345.17,	0
123.969,	240.585,	30,	6353.801,	0
132.385,	242.462,	30,	6362.423,	0
140.954,	243.554,	30,	6371.062,	0
149.585,	243.862,	30,	6379.698,	0
158.2,	243.385,	30,	6388.327,	0
166.723,	242.108,	30,	6396.945,	0
175.108,	240.046,	30,	6405.579,	0
183.277,	237.231,	30,	6414.22,	0
191.138,	233.662,	30,	6422.854,	0
198.631,	229.4,	30,	6431.473,	0
205.708,	224.446,	30,	6440.112,	0
212.277,	218.862,	30,	6448.734,	0
218.323,	212.692,	30,	6457.372,	0
223.754,	205.985,	30,	6466.002,	0
228.538,	198.8,	30,	6474.634,	0
232.631,	191.2,	30,	6483.266,	0
236,	183.262,	30,	6491.89,	0
238.615,	175.031,	30,	6500.526,	0
240.446,	166.6,	30,	6509.154,	0
241.477,	158.031,	30,	6517.785,	0
241.692,	149.4,	30,	6526.418,	0
241.092,	140.785,	30,	6535.054,	0
239.692,	132.277,	30,	6543.676,	0
237.508,	123.923,	30,	6552.311,	0
234.523,	115.831,	30,	6560.936,	0
230.8,	108.046,	30,	6569.565,	0
226.354,	100.646,	30,	6578.198,	0
221.215,	93.708,	30,	6586.832,	0
215.462,	87.277,	30,	6595.461,	0
209.108,	81.446,	30,	6604.085,	0
202.231,	76.231,	30,	6612.716,	0
194.877,	71.692,	30,	6621.358,	0
187.138,	67.877,	30,	6629.986,	0
179.062,	64.831,	30,	6638.618,	0
170.738,	62.569,	30,	6647.243,	0
162.231,	61.108,	30,	6655.875,	0
153.631,	60.477,	30,	6664.498,	0
145,	60.677,	30,	6673.131,	0
136.431,	61.708,	30,	6681.762,	0
128,	63.554,	30,	6690.393,	0
119.785,	66.215,	30,	6699.029,	0
111.877,	69.646,	30,	6707.648,	0
104.323,	73.846,	30,	6716.291,	0
97.231,	78.754,	30,	6724.916,	0
90.631,	84.323,	30,	6733.552,	0
84.615,	90.508,	30,	6742.179,	0
79.231,	97.246,	30,	6750.805,	0
74.523,	104.492,	30,	6759.446,	0
70.554,	112.154,	30,	6768.075,	0
67.354,	120.169,	30,	6776.705,	0
64.954,	128.462,	30,	6785.338,	0
63.385,	136.938,	30,	6793.959,	0
62.662,	145.538,	30,	6802.589,	0
62.785,	154.169,	30,	6811.221,	0
63.754,	162.754,	30,	6819.86,	0
65.569,	171.185,	30,	6828.484,	0
68.215,	179.4,	30,	6837.115,	0
71.662,	187.323,	30,	6845.755,	0
75.877,	194.846,	30,	6854.379,	0
80.815,	201.923,	30,	6863.008,	0
86.446,	208.477,	30,	6871.649,	0
92.692,	214.431,	30,	6880.278,	0
99.508,	219.723,	30,	6888.907,	0
106.815,	224.308,	30,	6897.534,	0
114.538,	228.138,	30,	6906.155,	0
122.615,	231.185,	30,	6914.787,	0
130.969,	233.385,	30,	6923.426,	0
139.492,	234.754,	30,	6932.058,	0
148.108,	235.231,	30,	6940.687,	0
156.723,	234.846,	30,	6949.311,	0
165.262,	233.6,	30,	6957.939,	0
173.631,	231.477,	30,	6966.574,	0
181.738,	228.523,	30,	6975.203,	0
189.508,	224.769,	30,	6983.831,	0
196.846,	220.231,	30,	6992.46,	0
203.692,	214.969,	30,	7001.094,	0
209.954,	209.031,	30,	7009.724,	0
215.585,	202.477,	30,	7018.365,	0
220.508,	195.4,	30,	7026.985,	0
224.677,	187.831,	30,	7035.627,	0
228.046,	179.892,	30,	7044.251,	0
230.569,	171.646,	30,	7052.874,	0
232.246,	163.169,	30,	7061.516,	0
233.015,	154.569,	30,	7070.15,	0
232.908,	145.938,	30,	7078.781,	0
231.892,	137.369,	30,	7087.41,	0
230,	128.954,	30,	7096.036,	0
227.231,	120.785,	30,	7104.662,	0
223.631,	112.938,	30,	7113.294,	0
219.231,	105.508,	30,	7121.93,	0
214.062,	98.6,	30,	7130.558,	0
208.215,	92.246,	30,	7139.192,	0
201.723,	86.554,	30,	7147.826,	0
194.677,	81.585,	30,	7156.449,	0
187.138,	77.385,	30,	7165.078,	0
179.2,	74,	30,	7173.708,	0
170.938,	71.477,	30,	7182.346,	0
162.462,	69.831,	30,	7190.981,	0
153.862,	69.108,	30,	7199.612,	0
145.231,	69.308,	30,	7208.245,	0
136.677,	70.415,	30,	7216.87,	0
128.292,	72.446,	30,	7225.497,	0
120.169,	75.354,	30,	7234.125,	0
112.4,	79.108,	30,	7242.754,	0
105.077,	83.692,	30,	7251.393,	0
98.292,	89.031,	30,	7260.026,	0
92.123,	95.062,	30,	7268.654,	0
86.646,	101.723,	30,	7277.278,	0
81.923,	108.954,	30,	7285.914,	0
78,	116.646,	30,	7294.549,	0
74.938,	124.708,	30,	7303.173,	0
72.785,	133.062,	30,	7311.8,	0
71.538,	141.615,	30,	7320.444,	0
71.246,	150.231,	30,	7329.064,	0
71.892,	158.846,	30,	7337.704,	0
73.492,	167.323,	30,	7346.33,	0
76,	175.585,	30,	7354.964,	0
79.4,	183.508,	30,	7363.586,	0
83.662,	191.015,	30,	7372.219,	0
88.723,	198.015,	30,	7380.857,	0
94.538,	204.4,	30,	7389.493,	0
101.015,	210.092,	30,	7398.116,	0
108.077,	215.046,	30,	7406.742,	0
115.662,	219.169,	30,	7415.375,	0
123.646,	222.431,	30,	7424,	0
131.954,	224.785,	30,	7432.634,	0
140.477,	226.169,	30,	7441.269,	0
149.092,	226.615,	30,	7449.896,	0
157.708,	226.077,	30,	7458.528,	0
166.2,	224.569,	30,	7467.153,	0
174.477,	222.108,	30,	7475.789,	0
182.431,	218.723,	30,	7484.433,	0
189.938,	214.477,	30,	7493.058,	0
196.908,	209.385,	30,	7501.689,	0
203.262,	203.538,	30,	7510.323,	0
208.908,	197.015,	30,	7518.951,	0
213.769,	189.877,	30,	7527.587,	0
217.769,	182.246,	30,	7536.203,	0
220.877,	174.185,	30,	7544.843,	0
223.031,	165.831,	30,	7553.47,	0
224.215,	157.277,	30,	7562.105,	0
224.4,	148.646,	30,	7570.738,	0
223.585,	140.062,	30,	7579.361,	0
221.785,	131.615,	30,	7587.997,	0
219,	123.446,	30,	7596.628,	0
215.292,	115.662,	30,	7605.25,	0
210.692,	108.354,	30,	7613.885,	0
205.277,	101.631,	30,	7622.518,	0
199.108,	95.6,	30,	7631.145,	0
192.277,	90.323,	30,	7639.777,	0
184.862,	85.908,	30,	7648.408,	0
176.985,	82.385,	30,	7657.036,	0
168.738,	79.815,	30,	7665.674,	0
160.262,	78.246,	30,	7674.295,	0
151.646,	77.708,	30,	7682.927,	0
143.031,	78.185,	30,	7691.555,	0
134.523,	79.692,	30,	7700.196,	0
126.277,	82.215,	30,	7708.819,	0
118.385,	85.692,	30,	7717.443,	0
110.954,	90.108,	30,	7726.087,	0
104.123,	95.385,	30,	7734.719,	0
97.985,	101.446,	30,	7743.345,	0
92.615,	108.2,	30,	7751.973,	0
88.108,	115.569,	30,	7760.612,	0
84.538,	123.415,	30,	7769.232,	0
81.938,	131.662,	30,	7777.878,	0
80.369,	140.138,	30,	7786.499,	0
79.862,	148.754,	30,	7795.129,	0
80.415,	157.369,	30,	7803.763,	0
82.015,	165.846,	30,	7812.389,	0
84.646,	174.062,	30,	7821.016,	0
88.292,	181.892,	30,	7829.654,	0
92.862,	189.215,	30,	7838.285,	0
98.308,	195.908,	30,	7846.914,	0
104.554,	201.862,	30,	7855.543,	0
111.492,	207,	30,	7864.177,	0
119.031,	211.215,	30,	7872.814,	0
127.015,	214.462,	30,	7881.433,	0
135.369,	216.677,	30,	7890.076,	0
143.923,	217.815,	30,	7898.705,	0
152.554,	217.862,	30,	7907.336,	0
161.123,	216.815,	30,	7915.969,	0
169.477,	214.692,	30,	7924.588,	0
177.508,	211.523,	30,	7933.222,	0
185.062,	207.338,	30,	7941.857,	0
192.015,	202.231,	30,	7950.485,	0
198.262,	196.277,	30,	7959.114,	0
203.677,	189.554,	30,	7967.747,	0
208.185,	182.2,	30,	7976.373,	0
211.708,	174.323,	30,	7985.001,	0
214.169,	166.046,	30,	7993.637,	0
215.538,	157.523,	30,	8002.269,	0
215.785,	148.892,	30,	8010.903,	0
214.892,	140.308,	30,	8019.534,	0
212.877,	131.923,	30,	8028.158,	0
209.785,	123.862,	30,	8036.792,	0
205.646,	116.292,	30,	8045.419,	0
200.538,	109.323,	30,	8054.059,	0
194.569,	103.108,	30,	8062.677,	0
187.815,	97.723,	30,	8071.314,	0
180.4,	93.308,	30,	8079.945,	0
172.462,	89.923,	30,	8088.575,	0
164.138,	87.631,	30,	8097.208,	0
155.585,	86.477,	30,	8105.839,	0
146.954,	86.492,	30,	8114.47,	0
138.4,	87.677,	30,	8123.105,	0
130.092,	90,	30,	8131.732,	0
122.185,	93.446,	30,	8140.358,	0
114.815,	97.938,	30,	8148.988,	0
108.138,	103.4,	30,	8157.614,	0
102.262,	109.723,	30,	8166.247,	0
97.323,	116.8,	30,	8174.876,	0
93.4,	124.492,	30,	8183.511,	0
90.6,	132.662,	30,	8192.147,	0
88.954,	141.123,	30,	8200.767,	0
88.508,	149.754,	30,	8209.409,	0
89.262,	158.338,	30,	8218.027,	0
91.231,	166.754,	30,	8226.67,	0
94.354,	174.8,	30,	8235.301,	0
98.585,	182.308,	30,	8243.919,	0
103.846,	189.154,	30,	8252.553,	0
110.031,	195.185,	30,	8261.191,	0
117,	200.277,	30,	8269.823,	0
124.631,	204.308,	30,	8278.453,	0
132.754,	207.2,	30,	8287.075,	0
141.215,	208.892,	30,	8295.704,	0
149.846,	209.338,	30,	8304.347,	0
158.431,	208.538,	30,	8312.969,	0
166.815,	206.492,	30,	8321.599,	0
174.815,	203.231,	30,	8330.238,	0
182.246,	198.846,	30,	8338.866,	0
188.954,	193.415,	30,	8347.497,	0
194.785,	187.062,	30,	8356.121,	0
199.615,	179.892,	30,	8364.766,	0
203.323,	172.108,	30,	8373.388,	0
205.815,	163.846,	30,	8382.017,	0
207.062,	155.308,	30,	8390.646,	0
207,	146.677,	30,	8399.277,	0
205.646,	138.154,	30,	8407.907,	0
203.015,	129.938,	30,	8416.534,	0
199.154,	122.2,	30,	8425.182,	0
194.169,	115.154,	30,	8433.813,	0
188.169,	108.954,	30,	8442.441,	0
181.292,	103.754,	30,	8451.062,	0
173.692,	99.677,	30,	8459.687,	0
165.538,	96.815,	30,	8468.328,	0
157.046,	95.262,	30,	8476.962,	0
148.431,	95.046,	30,	8485.58,	0
139.877,	96.185,	30,	8494.209,	0
131.6,	98.646,	30,	8502.844,	0
123.815,	102.385,	30,	8511.48,	0
116.738,	107.323,	30,	8520.11,	0
110.523,	113.308,	30,	8528.738,	0
105.354,	120.215,	30,	8537.366,	0
101.354,	127.862,	30,	8545.995,	0
98.631,	136.062,	30,	8554.635,	0
97.277,	144.585,	30,	8563.265,	0
97.323,	153.215,	30,	8571.896,	0
98.769,	161.723,	30,	8580.526,	0
101.6,	169.877,	30,	8589.157,	0
105.723,	177.462,	30,	8597.79,	0
111.046,	184.246,	30,	8606.413,	0
117.415,	190.062,	30,	8615.038,	0
124.677,	194.738,	30,	8623.675,	0
132.6,	198.138,	30,	8632.297,	0
141,	200.154,	30,	8640.936,	0
149.615,	200.708,	30,	8649.569,	0
158.2,	199.815,	30,	8658.2,	0
166.492,	197.462,	30,	8666.82,	0
174.277,	193.723,	30,	8675.455,	0
181.292,	188.692,	30,	8684.088,	0
187.338,	182.538,	30,	8692.715,	0
192.231,	175.431,	30,	8701.344,	0
195.8,	167.569,	30,	8709.978,	0
197.938,	159.2,	30,	8718.616,	0
198.554,	150.6,	30,	8727.238,	0
197.662,	142.015,	30,	8735.869,	0
195.231,	133.723,	30,	8744.51,	0
191.369,	126.015,	30,	8753.131,	0
186.185,	119.108,	30,	8761.768,	0
179.846,	113.262,	30,	8770.39,	0
172.538,	108.662,	30,	8779.025,	0
164.508,	105.477,	30,	8787.665,	0
156.046,	103.831,	30,	8796.285,	0
147.415,	103.754,	30,	8804.916,	0
138.923,	105.292,	30,	8813.546,	0
130.862,	108.385,	30,	8822.181,	0
123.523,	112.938,	30,	8830.817,	0
117.185,	118.8,	30,	8839.451,	0
112.077,	125.754,	30,	8848.079,	0
108.385,	133.554,	30,	8856.708,	0
106.262,	141.923,	30,	8865.343,	0
105.785,	150.538,	30,	8873.971,	0
107,	159.077,	30,	8882.596,	0
109.862,	167.231,	30,	8891.237,	0
114.277,	174.646,	30,	8899.868,	0
120.062,	181.046,	30,	8908.494,	0
127.015,	186.169,	30,	8917.132,	0
134.846,	189.785,	30,	8925.757,	0
143.246,	191.754,	30,	8934.385,	0
151.877,	191.969,	30,	8943.018,	0
160.369,	190.415,	30,	8951.651,	0
168.354,	187.154,	30,	8960.276,	0
175.492,	182.308,	30,	8968.904,	0
181.462,	176.077,	30,	8977.533,	0
186,	168.723,	30,	8986.175,	0
188.862,	160.585,	30,	8994.801,	0
189.938,	152.031,	30,	9003.423,	0
189.138,	143.431,	30,	9012.06,	0
186.508,	135.215,	30,	9020.686,	0
182.138,	127.769,	30,	9029.32,	0
176.262,	121.462,	30,	9037.941,	0
169.108,	116.615,	30,	9046.582,	0
161.077,	113.477,	30,	9055.204,	0
152.538,	112.231,	30,	9063.833,	0
143.938,	112.954,	30,	9072.463,	0
135.723,	115.631,	30,	9081.104,	0
128.354,	120.123,	30,	9089.734,	0
122.231,	126.2,	30,	9098.361,	0
117.708,	133.538,	30,	9106.981,	0
115.046,	141.754,	30,	9115.617,	0
114.415,	150.369,	30,	9124.256,	0
115.877,	158.877,	30,	9132.888,	0
119.369,	166.769,	30,	9141.518,	0
124.692,	173.554,	30,	9150.142,	0
131.538,	178.815,	30,	9158.776,	0
139.477,	182.2,	30,	9167.406,	0
148.015,	183.462,	30,	9176.037,	0
156.585,	182.508,	30,	9184.66,	0
164.631,	179.369,	30,	9193.296,	0
171.569,	174.231,	30,	9201.93,	0
176.908,	167.462,	30,	9210.551,	0
180.246,	159.492,	30,	9219.191,	0
181.308,	150.938,	30,	9227.811,	0
180,	142.4,	30,	9236.449,	0
176.369,	134.569,	30,	9245.08,	0
170.708,	128.062,	30,	9253.706,	0
163.431,	123.431,	30,	9262.332,	0
155.123,	121.077,	30,	9270.966,	0
146.492,	121.246,	30,	9279.599,	0
138.292,	123.954,	30,	9288.234,	0
131.292,	129,	30,	9296.863,	0
126.138,	135.923,	30,	9305.494,	0
123.369,	144.108,	30,	9314.135,	0
123.308,	152.738,	30,	9322.766,	0
125.985,	160.938,	30,	9331.392,	0
131.169,	167.831,	30,	9340.016,	0
138.338,	172.646,	30,	9348.652,	0
146.708,	174.769,	30,	9357.287,	0
155.292,	173.938,	30,	9365.911,	0
163.062,	170.169,	30,	9374.547,	0
168.985,	163.892,	30,	9383.177,	0
172.246,	155.892,	30,	9391.816,	0
172.323,	147.262,	30,	9400.448,	0
169.138,	139.246,	30,	9409.072,	0
163.108,	133.077,	30,	9417.7,	0
155.123,	129.8,	30,	9426.331,	0
146.492,	130.046,	30,	9434.965,	0
138.754,	133.877,	30,	9443.6,	0
133.415,	140.646,	30,	9452.221,	0
131.615,	149.092,	30,	9460.856,	0
133.877,	157.415,	30,	9469.481,	0
139.815,	163.692,	30,	9478.122,	0
148.062,	166.231,	30,	9486.75,	0
156.446,	164.2,	30,	9495.377,	0
162.462,	158,	30,	9504.016,	0
163.969,	149.508,	30,	9512.641,	0
160.169,	141.754,	30,	9521.276,	0
152.354,	138.092,	30,	9529.906,	0
144.092,	140.6,	30,	9538.54,	0
140.2,	148.308,	30,	9547.175,	0
143.892,	156.108,	30,	9555.805,	0
150,	150,	30,	9564.442,	2
293.108,	161.831,	30,	9564.442,	0
292.231,	170.338,	30,	9572.995,	0
290.846,	178.846,	30,	9581.615,	0
288.938,	187.262,	30,	9590.244,	0
286.523,	195.554,	30,	9598.88,	0
283.631,	203.692,	30,	9607.518,	0
280.246,	211.631,	30,	9616.147,	0
276.4,	219.354,	30,	9624.775,	0
272.092,	226.831,	30,	9633.404,	0
267.354,	234.046,	30,	9642.036,	0
262.185,	240.954,	30,	9650.664,	0
256.615,	247.554,	30,	9659.3,	0
250.662,	253.8,	30,	9667.929,	0
244.338,	259.677,	30,	9676.562,	0
237.677,	265.169,	30,	9685.195,	0
230.708,	270.262,	30,	9693.827,	0
223.446,	274.923,	30,	9702.456,	0
215.923,	279.138,	30,	9711.079,	0
208.154,	282.908,	30,	9719.715,	0
200.185,	286.215,	30,	9728.343,	0
192.031,	289.031,	30,	9736.969,	0
183.708,	291.354,	30,	9745.61,	0
175.646,	293.108,	30,	9753.861,	2
206.077,	293.108,	30,	9753.861,	0
217.446,	288.062,	30,	9766.299,	0
225.062,	283.985,	30,	9774.937,	0
232.431,	279.492,	30,	9783.568,	0
239.523,	274.585,	30,	9792.193,	0
246.338,	269.292,	30,	9800.822,	0
252.846,	263.631,	30,	9809.447,	0
259.031,	257.6,	30,	9818.086,	0
264.862,	251.231,	30,	9826.721,	0
270.323,	244.554,	30,	9835.347,	0
275.4,	237.569,	30,	9843.982,	0
280.077,	230.323,	30,	9852.606,	0
284.338,	222.815,	30,	9861.239,	0
288.169,	215.077,	30,	9869.874,	0
293.108,	202.815,	30,	9883.092,	2
293.108,	224.615,	30,	9883.092,	0
289.292,	231.692,	30,	9891.132,	0
284.785,	239.046,	30,	9899.758,	0
279.908,	246.169,	30,	9908.39,	0
274.646,	253.015,	30,	9917.025,	0
269.015,	259.554,	30,	9925.654,	0
263.062,	265.8,	30,	9934.283,	0
256.785,	271.723,	30,	9942.913,	0
250.185,	277.292,	30,	9951.549,	0
243.308,	282.508,	30,	9960.18,	0
236.169,	287.338,	30,	9968.799,	0
226.308,	293.108,	30,	9980.224,	2
243.077,	293.108,	30,	9980.224,	0
249.077,	288.985,	30,	9987.504,	0
255.938,	283.754,	30,	9996.132,	0
262.508,	278.169,	30,	10004.755,	0
268.8,	272.262,	30,	10013.386,	0
274.8,	266.046,	30,	10022.024,	0
280.462,	259.523,	30,	10030.662,	0
285.785,	252.738,	30,	10039.285,	0
293.108,	241.954,	30,	10052.321,	2
293.108,	257.338,	30,	10052.321,	0
287.831,	264.154,	30,	10060.941,	0
282.215,	270.708,	30,	10069.571,	0
276.292,	276.985,	30,	10078.202,	0
270.062,	282.969,	30,	10086.841,	0
257.938,	293.108,	30,	10102.645,	2
271.6,	293.108,	30,	10102.645,	0
279.369,	286.062,	30,	10113.133,	0
285.446,	279.938,	30,	10121.76,	0
293.108,	271.246,	30,	10133.347,	2
293.108,	284.308,	30,	10133.347,	0
284.492,	293.108,	30,	10145.662,	2
121.785,	293.108,	30,	10145.662,	0
115.308,	291.785,	30,	10152.273,	0
106.969,	289.569,	30,	10160.9,	0
98.769,	286.862,	30,	10169.536,	0
90.754,	283.677,	30,	10178.161,	0
82.923,	280.015,	30,	10186.805,	0
75.338,	275.908,	30,	10195.431,	0
68,	271.354,	30,	10204.067,	0
60.954,	266.385,	30,	10212.69,	0
54.2,	261,	30,	10221.327,	0
47.785,	255.231,	30,	10229.955,	0
41.723,	249.092,	30,	10238.582,	0
36.015,	242.615,	30,	10247.215,	0
30.708,	235.815,	30,	10255.841,	0
25.815,	228.708,	30,	10264.47,	0
21.338,	221.323,	30,	10273.106,	0
17.308,	213.692,	30,	10281.735,	0
13.723,	205.831,	30,	10290.376,	0
10.615,	197.785,	30,	10299.001,	0
6.892,	185.338,	30,	10311.992,	2
6.892,	211.769,	30,	10311.992,	0
10.615,	219.615,	30,	10320.677,	0
14.754,	227.185,	30,	10329.304,	0
19.308,	234.523,	30,	10337.94,	0
24.262,	241.6,	30,	10346.579,	0
29.585,	248.385,	30,	10355.202,	0
35.292,	254.862,	30,	10363.835,	0
41.338,	261.015,	30,	10372.462,	0
47.723,	266.815,	30,	10381.088,	0
54.431,	272.262,	30,	10389.728,	0
61.415,	277.323,	30,	10398.354,	0
68.677,	281.985,	30,	10406.983,	0
76.185,	286.246,	30,	10415.616,	0
83.923,	290.077,	30,	10424.251,	0
91.015,	293.108,	30,	10431.963,	2
70.769,	293.108,	30,	10431.963,	0
64.123,	289.323,	30,	10439.612,	0
56.846,	284.662,	30,	10448.254,	0
49.846,	279.615,	30,	10456.883,	0
43.108,	274.231,	30,	10465.508,	0
36.677,	268.477,	30,	10474.137,	0
30.538,	262.4,	30,	10482.775,	0
24.738,	256.015,	30,	10491.401,	0
19.277,	249.323,	30,	10500.039,	0
14.185,	242.354,	30,	10508.67,	0
6.892,	230.723,	30,	10522.398,	2
6.892,	246.908,	30,	10522.398,	0
15.908,	258.923,	30,	10537.42,	0
21.569,	265.431,	30,	10546.045,	0
27.538,	271.662,	30,	10554.674,	0
33.815,	277.585,	30,	10563.304,	0
40.385,	283.169,	30,	10571.927,	0
47.231,	288.446,	30,	10580.57,	0
53.985,	293.108,	30,	10588.777,	2
39.092,	293.108,	30,	10588.777,	0
32.908,	288.2,	30,	10596.672,	0
26.415,	282.508,	30,	10605.306,	0
20.2,	276.523,	30,	10613.935,	0
14.277,	270.246,	30,	10622.565,	0
6.892,	261.415,	30,	10634.077,	2
6.892,	274.877,	30,	10634.077,	0
14.585,	283.108,	30,	10645.342,	0
25.415,	293.108,	30,	10660.084,	2
12.523,	293.108,	30,	10660.084,	0
6.892,	287.538,	30,	10668.003,	1
6.892,	287.538,	30,	10668.003,	2
