#Free Energy Al-Si liquid phase

20 101 size
rowcolvals

Values

0	0.000000	0.010000	0.020000	0.030000	0.040000	0.050000	0.060000	0.070000	0.080000	0.090000	0.100000	0.110000	0.120000	0.130000	0.140000	0.150000	0.160000	0.170000	0.180000	0.190000	0.200000	0.210000	0.220000	0.230000	0.240000	0.250000	0.260000	0.270000	0.280000	0.290000	0.300000	0.310000	0.320000	0.330000	0.340000	0.350000	0.360000	0.370000	0.380000	0.390000	0.400000	0.410000	0.420000	0.430000	0.440000	0.450000	0.460000	0.470000	0.480000	0.490000	0.500000	0.510000	0.520000	0.530000	0.540000	0.550000	0.560000	0.570000	0.580000	0.590000	0.600000	0.610000	0.620000	0.630000	0.640000	0.650000	0.660000	0.670000	0.680000	0.690000	0.700000	0.710000	0.720000	0.730000	0.740000	0.750000	0.760000	0.770000	0.780000	0.790000	0.800000	0.810000	0.820000	0.830000	0.840000	0.850000	0.860000	0.870000	0.880000	0.890000	0.900000	0.910000	0.920000	0.930000	0.940000	0.950000	0.960000	0.970000	0.980000	0.990000	1.000000
100.000000	0.993625	0.990143	0.986751	0.983407	0.980102	0.976833	0.973597	0.970392	0.967217	0.964071	0.960954	0.957864	0.954802	0.951766	0.948757	0.945774	0.942817	0.939885	0.936978	0.934096	0.931239	0.928406	0.925598	0.922814	0.920053	0.917317	0.914604	0.911914	0.909248	0.906605	0.903985	0.901387	0.898813	0.896261	0.893731	0.891224	0.888738	0.886275	0.883834	0.881414	0.879016	0.876640	0.874285	0.871952	0.869640	0.867349	0.865079	0.862830	0.860601	0.858394	0.856207	0.854040	0.851894	0.849768	0.847663	0.845577	0.843512	0.841467	0.839441	0.837436	0.835449	0.833483	0.831536	0.829609	0.827701	0.825812	0.823942	0.822092	0.820261	0.818449	0.816655	0.814881	0.813126	0.811389	0.809671	0.807972	0.806292	0.804630	0.802987	0.801362	0.799756	0.798169	0.796600	0.795050	0.793519	0.792007	0.790513	0.789039	0.787584	0.786148	0.784731	0.783335	0.781959	0.780604	0.779270	0.777959	0.776673	0.775413	0.774183	0.772992	0.771880
200.000000	0.971653	0.968008	0.964516	0.961097	0.957734	0.954418	0.951144	0.947910	0.944712	0.941550	0.938421	0.935325	0.932261	0.929227	0.926224	0.923250	0.920305	0.917389	0.914501	0.911640	0.908807	0.906001	0.903222	0.900469	0.897742	0.895042	0.892367	0.889717	0.887093	0.884493	0.881919	0.879369	0.876844	0.874343	0.871866	0.869413	0.866984	0.864579	0.862198	0.859839	0.857504	0.855192	0.852903	0.850637	0.848394	0.846173	0.843975	0.841800	0.839646	0.837515	0.835406	0.833319	0.831254	0.829211	0.827189	0.825189	0.823211	0.821254	0.819318	0.817404	0.815511	0.813639	0.811788	0.809959	0.808150	0.806362	0.804596	0.802850	0.801125	0.799420	0.797737	0.796074	0.794432	0.792811	0.791210	0.789631	0.788072	0.786534	0.785017	0.783520	0.782045	0.780591	0.779159	0.777748	0.776358	0.774991	0.773645	0.772322	0.771022	0.769746	0.768493	0.767266	0.766064	0.764888	0.763742	0.762626	0.761543	0.760499	0.759502	0.758567	0.757777
300.000000	0.946060	0.942226	0.938610	0.935092	0.931646	0.928258	0.924923	0.921635	0.918391	0.915188	0.912023	0.908897	0.905806	0.902750	0.899728	0.896739	0.893782	0.890858	0.887964	0.885100	0.882267	0.879463	0.876688	0.873943	0.871225	0.868536	0.865875	0.863241	0.860634	0.858054	0.855501	0.852975	0.850475	0.848001	0.845553	0.843130	0.840733	0.838362	0.836015	0.833694	0.831397	0.829125	0.826878	0.824655	0.822456	0.820282	0.818132	0.816005	0.813902	0.811823	0.809768	0.807736	0.805727	0.803742	0.801780	0.799841	0.797925	0.796033	0.794163	0.792316	0.790491	0.788690	0.786911	0.785155	0.783421	0.781711	0.780022	0.778356	0.776713	0.775093	0.773494	0.771919	0.770366	0.768836	0.767329	0.765844	0.764383	0.762944	0.761529	0.760136	0.758768	0.757423	0.756102	0.754805	0.753533	0.752286	0.751065	0.749869	0.748700	0.747559	0.746446	0.745362	0.744310	0.743290	0.742306	0.741360	0.740458	0.739606	0.738816	0.738114	0.737621
400.000000	0.916715	0.912684	0.908936	0.905310	0.901772	0.898305	0.894900	0.891549	0.888250	0.884997	0.881789	0.878622	0.875497	0.872410	0.869361	0.866348	0.863371	0.860429	0.857521	0.854646	0.851804	0.848994	0.846215	0.843468	0.840751	0.838065	0.835409	0.832782	0.830184	0.827615	0.825075	0.822564	0.820080	0.817624	0.815196	0.812796	0.810422	0.808075	0.805756	0.803462	0.801196	0.798955	0.796741	0.794553	0.792390	0.790253	0.788142	0.786056	0.783995	0.781960	0.779949	0.777964	0.776003	0.774068	0.772157	0.770270	0.768408	0.766571	0.764758	0.762970	0.761206	0.759466	0.757750	0.756059	0.754392	0.752749	0.751131	0.749537	0.747967	0.746421	0.744900	0.743403	0.741931	0.740483	0.739061	0.737663	0.736290	0.734942	0.733620	0.732323	0.731052	0.729808	0.728590	0.727399	0.726236	0.725101	0.723994	0.722917	0.721871	0.720856	0.719874	0.718926	0.718015	0.717142	0.716312	0.715528	0.714797	0.714128	0.713538	0.713060	0.712856
500.000000	0.884242	0.880008	0.876123	0.872384	0.868749	0.865197	0.861716	0.858298	0.854938	0.851630	0.848372	0.845162	0.841996	0.838873	0.835792	0.832750	0.829748	0.826783	0.823855	0.820964	0.818107	0.815286	0.812498	0.809744	0.807023	0.804334	0.801678	0.799053	0.796459	0.793896	0.791363	0.788861	0.786389	0.783946	0.781533	0.779149	0.776793	0.774467	0.772168	0.769898	0.767656	0.765442	0.763255	0.761096	0.758964	0.756860	0.754782	0.752732	0.750708	0.748711	0.746740	0.744796	0.742878	0.740987	0.739122	0.737283	0.735470	0.733683	0.731921	0.730186	0.728477	0.726794	0.725136	0.723505	0.721899	0.720319	0.718765	0.717238	0.715736	0.714260	0.712810	0.711387	0.709990	0.708620	0.707276	0.705959	0.704670	0.703408	0.702173	0.700967	0.699789	0.698640	0.697520	0.696430	0.695370	0.694341	0.693345	0.692382	0.691452	0.690559	0.689702	0.688885	0.688110	0.687379	0.686697	0.686070	0.685505	0.685014	0.684618	0.684358	0.684438
600.000000	0.849132	0.844692	0.840666	0.836810	0.833074	0.829433	0.825872	0.822383	0.818957	0.815591	0.812280	0.809021	0.805810	0.802647	0.799530	0.796455	0.793423	0.790432	0.787481	0.784568	0.781694	0.778856	0.776056	0.773291	0.770561	0.767866	0.765205	0.762578	0.759984	0.757422	0.754893	0.752397	0.749932	0.747498	0.745095	0.742723	0.740382	0.738071	0.735790	0.733539	0.731317	0.729125	0.726962	0.724828	0.722723	0.720647	0.718599	0.716580	0.714589	0.712626	0.710691	0.708784	0.706905	0.705054	0.703231	0.701435	0.699666	0.697926	0.696212	0.694526	0.692868	0.691237	0.689634	0.688058	0.686509	0.684988	0.683495	0.682029	0.680591	0.679181	0.677799	0.676445	0.675120	0.673822	0.672554	0.671315	0.670105	0.668924	0.667773	0.666653	0.665564	0.664505	0.663479	0.662486	0.661525	0.660600	0.659709	0.658855	0.658039	0.657262	0.656528	0.655837	0.655193	0.654600	0.654063	0.653588	0.653185	0.652868	0.652662	0.652617	0.652976
700.000000	0.811752	0.807102	0.802930	0.798954	0.795113	0.791380	0.787736	0.784171	0.780678	0.777249	0.773881	0.770569	0.767311	0.764104	0.760946	0.757835	0.754770	0.751749	0.748770	0.745833	0.742937	0.740081	0.737263	0.734484	0.731742	0.729037	0.726368	0.723735	0.721137	0.718574	0.716045	0.713550	0.711088	0.708660	0.706265	0.703902	0.701571	0.699272	0.697005	0.694769	0.692564	0.690391	0.688248	0.686136	0.684054	0.682002	0.679981	0.677989	0.676027	0.674095	0.672192	0.670319	0.668475	0.666660	0.664875	0.663118	0.661391	0.659693	0.658024	0.656384	0.654773	0.653191	0.651638	0.650114	0.648619	0.647153	0.645717	0.644310	0.642932	0.641584	0.640266	0.638978	0.637720	0.636492	0.635296	0.634130	0.632996	0.631893	0.630822	0.629785	0.628780	0.627810	0.626874	0.625973	0.625109	0.624282	0.623494	0.622745	0.622039	0.621376	0.620759	0.620191	0.619676	0.619217	0.618821	0.618495	0.618250	0.618104	0.618084	0.618250	0.618885
800.000000	0.772375	0.767512	0.763192	0.759091	0.755143	0.751313	0.747583	0.743940	0.740374	0.736880	0.733451	0.730084	0.726775	0.723521	0.720320	0.717169	0.714067	0.711012	0.708003	0.705039	0.702117	0.699238	0.696401	0.693604	0.690846	0.688128	0.685448	0.682806	0.680200	0.677632	0.675100	0.672603	0.670142	0.667716	0.665324	0.662967	0.660643	0.658353	0.656097	0.653873	0.651682	0.649524	0.647397	0.645303	0.643241	0.641211	0.639212	0.637245	0.635309	0.633404	0.631530	0.629687	0.627875	0.626094	0.624343	0.622623	0.620934	0.619275	0.617647	0.616049	0.614482	0.612945	0.611439	0.609964	0.608519	0.607105	0.605723	0.604371	0.603050	0.601761	0.600504	0.599278	0.598085	0.596923	0.595795	0.594700	0.593638	0.592610	0.591616	0.590658	0.589735	0.588848	0.587999	0.587188	0.586417	0.585686	0.584996	0.584350	0.583750	0.583198	0.582696	0.582247	0.581856	0.581528	0.581270	0.581090	0.581000	0.581021	0.581184	0.581557	0.582465
900.000000	0.731214	0.726134	0.721662	0.717435	0.713375	0.709446	0.705626	0.701901	0.698261	0.694697	0.691205	0.687779	0.684415	0.681111	0.677863	0.674669	0.671528	0.668436	0.665393	0.662398	0.659448	0.656543	0.653682	0.650864	0.648088	0.645353	0.642658	0.640004	0.637388	0.634811	0.632272	0.629771	0.627307	0.624880	0.622488	0.620133	0.617814	0.615529	0.613280	0.611065	0.608884	0.606738	0.604625	0.602546	0.600501	0.598488	0.596509	0.594563	0.592649	0.590769	0.588920	0.587104	0.585321	0.583570	0.581850	0.580163	0.578509	0.576886	0.575295	0.573736	0.572210	0.570715	0.569253	0.567823	0.566426	0.565061	0.563728	0.562429	0.561162	0.559928	0.558728	0.557562	0.556429	0.555331	0.554268	0.553239	0.552247	0.551290	0.550370	0.549488	0.548643	0.547838	0.547072	0.546348	0.545665	0.545026	0.544433	0.543886	0.543389	0.542944	0.542553	0.542221	0.541952	0.541751	0.541627	0.541589	0.541652	0.541836	0.542179	0.542757	0.543933
1000.000000	0.688438	0.683137	0.678510	0.674152	0.669978	0.665946	0.662033	0.658223	0.654504	0.650869	0.647309	0.643821	0.640400	0.637042	0.633744	0.630503	0.627318	0.624187	0.621107	0.618077	0.615095	0.612161	0.609274	0.606431	0.603633	0.600878	0.598165	0.595495	0.592866	0.590277	0.587728	0.585219	0.582748	0.580316	0.577922	0.575566	0.573247	0.570964	0.568719	0.566509	0.564336	0.562198	0.560095	0.558028	0.555996	0.553998	0.552035	0.550106	0.548212	0.546352	0.544526	0.542734	0.540975	0.539250	0.537560	0.535902	0.534278	0.532688	0.531132	0.529609	0.528120	0.526664	0.525242	0.523854	0.522500	0.521181	0.519895	0.518644	0.517428	0.516246	0.515100	0.513990	0.512915	0.511876	0.510875	0.509910	0.508983	0.508094	0.507245	0.506435	0.505665	0.504937	0.504252	0.503611	0.503014	0.502464	0.501963	0.501512	0.501115	0.500773	0.500490	0.500271	0.500120	0.500044	0.500051	0.500152	0.500363	0.500707	0.501226	0.502005	0.503448
1100.000000	0.644183	0.638660	0.633875	0.629383	0.625091	0.620954	0.616944	0.613046	0.609246	0.605534	0.601905	0.598352	0.594869	0.591454	0.588103	0.584813	0.581582	0.578407	0.575287	0.572219	0.569203	0.566237	0.563319	0.560449	0.557626	0.554848	0.552114	0.549425	0.546779	0.544175	0.541613	0.539092	0.536612	0.534173	0.531773	0.529412	0.527090	0.524807	0.522562	0.520355	0.518185	0.516053	0.513957	0.511899	0.509876	0.507890	0.505940	0.504026	0.502148	0.500306	0.498499	0.496727	0.494991	0.493289	0.491623	0.489993	0.488397	0.486836	0.485311	0.483820	0.482365	0.480946	0.479561	0.478212	0.476899	0.475621	0.474380	0.473174	0.472005	0.470873	0.469778	0.468720	0.467699	0.466717	0.465774	0.464870	0.464006	0.463182	0.462399	0.461659	0.460961	0.460308	0.459700	0.459138	0.458625	0.458161	0.457749	0.457391	0.457090	0.456848	0.456670	0.456561	0.456525	0.456570	0.456705	0.456942	0.457298	0.457800	0.458492	0.459469	0.461174
1200.000000	0.598567	0.592818	0.587872	0.583244	0.578831	0.574585	0.570477	0.566488	0.562604	0.558814	0.555112	0.551491	0.547945	0.544470	0.541064	0.537722	0.534441	0.531221	0.528057	0.524950	0.521896	0.518895	0.515945	0.513044	0.510193	0.507389	0.504632	0.501921	0.499255	0.496634	0.494057	0.491522	0.489030	0.486580	0.484171	0.481804	0.479477	0.477190	0.474943	0.472736	0.470567	0.468438	0.466347	0.464294	0.462279	0.460302	0.458362	0.456460	0.454596	0.452768	0.450977	0.449224	0.447507	0.445826	0.444183	0.442576	0.441006	0.439472	0.437975	0.436515	0.435091	0.433704	0.432354	0.431042	0.429766	0.428528	0.427328	0.426165	0.425041	0.423955	0.422908	0.421900	0.420932	0.420004	0.419117	0.418270	0.417466	0.416705	0.415987	0.415313	0.414685	0.414103	0.413570	0.413085	0.412652	0.412271	0.411946	0.411678	0.411471	0.411327	0.411252	0.411249	0.411326	0.411489	0.411749	0.412119	0.412618	0.413275	0.414138	0.415310	0.417275
1300.000000	0.551687	0.545709	0.540600	0.535834	0.531299	0.526942	0.522733	0.518650	0.514680	0.510810	0.507033	0.503341	0.499730	0.496193	0.492729	0.489332	0.486001	0.482732	0.479523	0.476373	0.473280	0.470241	0.467257	0.464324	0.461442	0.458610	0.455828	0.453093	0.450405	0.447764	0.445168	0.442618	0.440112	0.437649	0.435230	0.432853	0.430519	0.428226	0.425975	0.423765	0.421595	0.419466	0.417377	0.415328	0.413318	0.411348	0.409417	0.407524	0.405671	0.403856	0.402079	0.400341	0.398641	0.396980	0.395356	0.393771	0.392224	0.390715	0.389244	0.387811	0.386417	0.385061	0.383744	0.382465	0.381225	0.380025	0.378863	0.377741	0.376660	0.375618	0.374617	0.373657	0.372738	0.371862	0.371028	0.370238	0.369491	0.368790	0.368134	0.367525	0.366964	0.366452	0.365990	0.365581	0.365225	0.364926	0.364685	0.364505	0.364389	0.364341	0.364366	0.364468	0.364655	0.364934	0.365317	0.365818	0.366458	0.367267	0.368298	0.369663	0.371887
1400.000000	0.503628	0.497421	0.492147	0.487240	0.482580	0.478111	0.473799	0.469621	0.465562	0.461610	0.457756	0.453992	0.450313	0.446713	0.443188	0.439735	0.436350	0.433031	0.429776	0.426582	0.423446	0.420369	0.417347	0.414380	0.411466	0.408605	0.405794	0.403034	0.400322	0.397659	0.395044	0.392475	0.389952	0.387475	0.385043	0.382655	0.380311	0.378011	0.375754	0.373539	0.371366	0.369236	0.367147	0.365100	0.363093	0.361127	0.359202	0.357318	0.355474	0.353669	0.351905	0.350181	0.348496	0.346851	0.345246	0.343680	0.342154	0.340668	0.339221	0.337814	0.336447	0.335120	0.333833	0.332587	0.331381	0.330215	0.329091	0.328008	0.326966	0.325967	0.325010	0.324096	0.323225	0.322398	0.321616	0.320879	0.320189	0.319545	0.318950	0.318403	0.317907	0.317462	0.317071	0.316735	0.316455	0.316235	0.316076	0.315982	0.315956	0.316002	0.316124	0.316330	0.316625	0.317018	0.317523	0.318153	0.318931	0.319890	0.321088	0.322644	0.325123
1500.000000	0.454469	0.448030	0.442589	0.437540	0.432754	0.428171	0.423753	0.419479	0.415330	0.411294	0.407361	0.403523	0.399774	0.396109	0.392522	0.389011	0.385571	0.382201	0.378896	0.375656	0.372477	0.369358	0.366298	0.363295	0.360348	0.357454	0.354614	0.351826	0.349089	0.346402	0.343765	0.341176	0.338636	0.336142	0.333696	0.331295	0.328940	0.326630	0.324365	0.322144	0.319967	0.317833	0.315742	0.313695	0.311690	0.309727	0.307807	0.305928	0.304091	0.302296	0.300542	0.298830	0.297158	0.295528	0.293939	0.292392	0.290885	0.289420	0.287996	0.286613	0.285271	0.283971	0.282713	0.281497	0.280323	0.279191	0.278102	0.277055	0.276053	0.275094	0.274179	0.273309	0.272484	0.271705	0.270973	0.270288	0.269652	0.269064	0.268527	0.268042	0.267609	0.267230	0.266908	0.266643	0.266437	0.266294	0.266216	0.266206	0.266268	0.266405	0.266624	0.266931	0.267332	0.267838	0.268462	0.269219	0.270134	0.271242	0.272604	0.274350	0.277083
1600.000000	0.404280	0.397608	0.391998	0.386805	0.381891	0.377192	0.372668	0.368295	0.364055	0.359933	0.355919	0.352006	0.348186	0.344454	0.340804	0.337233	0.333737	0.330312	0.326957	0.323669	0.320445	0.317284	0.314184	0.311143	0.308160	0.305234	0.302362	0.299545	0.296781	0.294069	0.291408	0.288798	0.286238	0.283726	0.281264	0.278848	0.276481	0.274160	0.271885	0.269656	0.267472	0.265334	0.263240	0.261191	0.259186	0.257224	0.255307	0.253432	0.251601	0.249813	0.248068	0.246366	0.244707	0.243090	0.241516	0.239985	0.238496	0.237050	0.235647	0.234286	0.232968	0.231694	0.230463	0.229275	0.228131	0.227032	0.225976	0.224965	0.223999	0.223079	0.222205	0.221377	0.220597	0.219865	0.219181	0.218546	0.217962	0.217430	0.216949	0.216523	0.216152	0.215838	0.215582	0.215386	0.215254	0.215186	0.215187	0.215260	0.215407	0.215635	0.215949	0.216355	0.216861	0.217478	0.218220	0.219102	0.220152	0.221408	0.222933	0.224866	0.227852
1700.000000	0.353128	0.346221	0.340441	0.335103	0.330060	0.325243	0.320611	0.316138	0.311804	0.307595	0.303500	0.299509	0.295617	0.291815	0.288101	0.284468	0.280914	0.277435	0.274028	0.270690	0.267420	0.264215	0.261073	0.257993	0.254973	0.252011	0.249107	0.246259	0.243466	0.240728	0.238042	0.235409	0.232828	0.230297	0.227816	0.225385	0.223003	0.220669	0.218383	0.216145	0.213954	0.211809	0.209710	0.207658	0.205651	0.203689	0.201773	0.199901	0.198075	0.196293	0.194555	0.192862	0.191212	0.189607	0.188047	0.186530	0.185058	0.183629	0.182245	0.180906	0.179610	0.178360	0.177154	0.175994	0.174879	0.173809	0.172786	0.171809	0.170879	0.169996	0.169161	0.168374	0.167636	0.166949	0.166312	0.165726	0.165193	0.164713	0.164289	0.163920	0.163609	0.163357	0.163167	0.163039	0.162978	0.162985	0.163063	0.163216	0.163449	0.163766	0.164173	0.164676	0.165286	0.166012	0.166870	0.167877	0.169060	0.170461	0.172148	0.174267	0.177504
1800.000000	0.301075	0.293932	0.287980	0.282495	0.277321	0.272385	0.267644	0.263069	0.258640	0.254342	0.250164	0.246095	0.242128	0.238256	0.234475	0.230780	0.227166	0.223631	0.220170	0.216782	0.213463	0.210213	0.207028	0.203907	0.200848	0.197850	0.194912	0.192032	0.189209	0.186442	0.183730	0.181072	0.178468	0.175916	0.173417	0.170968	0.168570	0.166222	0.163924	0.161674	0.159473	0.157321	0.155216	0.153159	0.151149	0.149186	0.147269	0.145399	0.143575	0.141797	0.140065	0.138379	0.136739	0.135144	0.133595	0.132092	0.130634	0.129222	0.127856	0.126536	0.125261	0.124033	0.122852	0.121717	0.120629	0.119589	0.118596	0.117651	0.116755	0.115908	0.115110	0.114363	0.113667	0.113022	0.112431	0.111892	0.111408	0.110981	0.110610	0.110297	0.110045	0.109854	0.109728	0.109667	0.109675	0.109755	0.109909	0.110142	0.110457	0.110862	0.111360	0.111960	0.112672	0.113506	0.114478	0.115607	0.116923	0.118468	0.120315	0.122618	0.126105
1900.000000	0.248172	0.240790	0.234666	0.229032	0.223726	0.218669	0.213817	0.209139	0.204615	0.200227	0.195963	0.191814	0.187772	0.183829	0.179980	0.176220	0.172546	0.168952	0.165436	0.161996	0.158628	0.155330	0.152101	0.148938	0.145839	0.142804	0.139830	0.136916	0.134061	0.131265	0.128525	0.125841	0.123213	0.120639	0.118118	0.115651	0.113236	0.110872	0.108560	0.106298	0.104086	0.101925	0.099812	0.097749	0.095734	0.093768	0.091850	0.089979	0.088157	0.086382	0.084654	0.082974	0.081341	0.079755	0.078217	0.076725	0.075281	0.073884	0.072534	0.071231	0.069977	0.068770	0.067611	0.066500	0.065438	0.064425	0.063461	0.062548	0.061684	0.060871	0.060110	0.059401	0.058745	0.058142	0.057594	0.057101	0.056666	0.056288	0.055970	0.055712	0.055517	0.055386	0.055322	0.055326	0.055402	0.055553	0.055782	0.056093	0.056490	0.056980	0.057569	0.058265	0.059076	0.060017	0.061102	0.062353	0.063799	0.065487	0.067492	0.069979	0.073713
2000.000000	0.194463	0.186842	0.180544	0.174760	0.169320	0.164142	0.159177	0.154395	0.149773	0.145294	0.140944	0.136714	0.132594	0.128578	0.124660	0.120835	0.117098	0.113445	0.109873	0.106379	0.102960	0.099615	0.096339	0.093132	0.089992	0.086918	0.083907	0.080958	0.078071	0.075243	0.072474	0.069763	0.067109	0.064512	0.061969	0.059481	0.057047	0.054667	0.052339	0.050064	0.047840	0.045668	0.043546	0.041475	0.039455	0.037484	0.035563	0.033691	0.031868	0.030095	0.028371	0.026695	0.025068	0.023490	0.021960	0.020479	0.019046	0.017663	0.016328	0.015042	0.013806	0.012618	0.011481	0.010393	0.009356	0.008369	0.007433	0.006548	0.005716	0.004936	0.004210	0.003538	0.002920	0.002358	0.001852	0.001404	0.001015	0.000686	0.000419	0.000215	0.000076	0.000003	0.000000	0.000068	0.000211	0.000432	0.000734	0.001121	0.001600	0.002174	0.002852	0.003641	0.004552	0.005597	0.006794	0.008165	0.009740	0.011569	0.013732	0.016400	0.020381
